40094
-61187
24206
24206
60327
24206
24206
24206
24206
24206
24206
24206
36449
24206
24206
24206
24206
24098
24098
24098
80298
24098
24098
17697
17697
17697
17697
14090
14090
14090
14090
6066
6066
-9845
44267
458
78493
458
17892
458
36751
458
79135
458
14803
458
13740
13740
13740
458
458
458
10226
10226
10226
4719
53054
4719
4719
458
458
65
58353
58353
58353
26134
26134
65
65
65
65
65
12362
12362
12362
65
66339
65
19071
19071
19071
65
80362
65
63854
65
32986
32986
32986
32986
32986
65
65
65
1899
65
65316
65
10339
65
70703
65
36290
65
65
65
3122
65
60679
65
65
-2998
-2998
-8932
-8932
-8932
16703
-8932
-8932
-9845
-9845
-10729
57448
-7334
-7334
-7903
-7903
-10729
6437
6437
70451
6437
15454
15454
57628
57628
57628
18983
72004
18983
32257
18983
18983
15454
84929
15454
20053
20053
20053
15454
88416
15454
44797
39409
39409
39409
79997
39409
39409
15454
15454
15454
29756
15454
15454
9045
9045
9045
9045
6437
6437
6437
84559
6437
6437
3403
62094
62094
62094
3403
26994
26994
26994
3403
3403
3403
16451
3403
98974
3403
3403
3403
56631
3403
3403
3403
44740
41605
41605
10546
10546
3403
3403
3403
19904
19904
39979
26120
43243
26120
26120
19904
50617
19904
97205
74018
74018
44358
44358
44358
44358
44358
44358
44358
44358
44172
44172
19904
81700
19904
19904
15447
89591
15447
49261
49261
59661
49261
88557
72723
72723
62137
62137
49261
49261
32046
32046
32046
32046
32046
32046
21682
22658
21682
97786
21682
21682
21457
21457
18864
71644
71644
86148
71644
71644
65827
65827
18864
98140
18864
43787
18864
18864
15447
24284
24284
24284
24284
24284
24284
49977
24284
24284
15447
62033
22529
58947
45650
45650
35647
35647
22529
74345
22529
22529
15447
70237
70237
70237
66616
66616
15519
68553
29842
63284
29842
74114
74114
74114
39291
39291
39291
39291
29842
29842
23726
23726
19216
82534
47027
57576
47027
47027
19216
19216
15519
23524
15519
96305
15519
79833
15519
15519
15447
15447
15447
23449
23449
51535
23449
23449
22736
30273
22736
29797
22736
22736
15447
34127
15447
15447
13773
13773
12443
12443
12443
53803
12443
12443
11006
11006
11006
11006
10160
82556
10160
10160
10160
10160
10064
10064
7938
7938
7938
31209
29015
29015
7938
50675
7938
7938
7938
24739
7938
21838
21838
21838
13510
13510
7938
76871
7938
32375
7938
58250
21865
21865
21865
21865
21865
31533
31533
72569
72052
94040
90923
90923
72052
72052
31533
33074
31533
31533
30373
30373
30373
35384
30373
30373
29776
82412
29776
38999
29776
64642
29776
29776
21865
73555
27090
27090
27090
27090
21865
21865
21865
21865
19694
19694
7938
15103
7938
7938
7478
7478
6917
6917
6917
99999
10146
75221
10146
10146
10146
37188
14521
95365
14521
14521
10146
10146
10146
10146
10146
10146
10146
71597
10146
10146
6917
6917
5399
5399
5377
5377
5377
5377
5377
44324
5377
5377
4889
4889
3403
18284
18284
18284
15511
15511
15511
15511
10360
52427
47635
47635
11382
11382
11382
11382
10360
80234
10360
25515
25515
52382
25515
49432
49432
49432
49432
56035
49432
89622
49432
49432
47495
73330
47495
47495
38165
38165
38165
38165
38165
99140
38165
75650
51617
51617
51617
51617
42081
42081
38165
38165
36898
36898
36898
36898
36898
36898
36898
97942
36898
36898
25515
25515
23942
23942
23942
23942
21105
73685
73685
73685
22860
22860
21105
81471
21105
35192
35192
35192
35192
94061
35192
35192
35192
89230
35192
35192
35192
87370
50810
50810
35192
82469
82469
82469
82469
82469
35192
65161
35192
35192
35192
35192
21105
21105
17936
49450
20639
20639
17936
17936
17936
31431
31431
31431
31431
31431
17936
17936
17936
83481
17936
17936
15961
50697
31862
31862
15961
34808
15961
15961
15961
15961
15402
15402
15402
15402
15402
97836
24931
48003
24931
24931
15402
15402
14961
14961
13342
13342
10360
28864
10360
26005
26005
26005
10360
71108
71108
71108
71108
71108
10360
47422
10360
36731
36731
36731
10360
10360
9424
9424
9206
69325
69325
87893
69325
69325
69325
69325
24605
24605
24605
24605
17194
91328
61499
61499
43536
43536
21252
21252
21252
70142
21252
21252
21252
21252
21252
21252
17194
17194
16893
16893
15559
15559
15295
15295
15295
15295
15295
15295
12333
12333
12333
12333
9206
9206
9206
9206
9206
40137
9206
9206
9206
65244
9206
9206
8873
14019
14019
14019
8873
58849
58849
58849
54916
83115
54916
54916
8873
19036
8873
8873
8873
8873
7307
7307
7307
70108
7307
11267
7307
8480
7307
87603
7307
21153
7307
7307
7307
7307
7307
59458
50788
50788
14001
72742
14001
46642
46642
46642
14001
50511
50511
80409
50511
50511
43092
43092
43092
43092
43092
43092
19243
19243
19243
19243
19243
19243
19243
19243
14001
14001
11793
95184
11793
83261
83261
83261
16561
16561
16561
16561
11793
11793
11793
11793
9367
78257
9367
49623
9367
43323
31086
56313
31086
48161
31086
33159
31086
31086
31086
83422
31086
86120
31086
31086
13561
13561
9367
9367
8289
8289
8289
8289
8289
8289
8289
8289
8289
53402
37790
37790
37790
37790
20464
20464
20464
20464
10383
43436
10383
10383
9071
9071
9071
68437
68437
68437
59594
59594
46932
46932
9071
9071
8289
81388
8289
8289
8289
57087
8289
38017
8289
8289
7307
7307
7307
7307
4958
4958
3634
37922
3634
3634
3403
77582
15627
15627
3403
3403
3403
3403
3263
4695
3263
8509
3263
3263
2607
2607
2607
2607
2243
2243
2022
2022
1747
1747
1747
54896
9542
32892
9542
31485
31485
51531
51531
51531
31485
87558
48216
53919
53919
53919
48216
48216
48216
64491
48216
48216
31485
89933
31485
31485
26482
26482
26482
26482
22643
57480
22643
22643
11441
46027
11441
98479
11441
22925
22925
22925
11441
94090
53747
53747
11441
47313
11441
11441
11441
11441
9590
85444
77254
77254
9590
78235
9590
9590
9542
9542
6194
6194
3784
87992
3784
59080
59080
59080
59080
59080
48091
48091
48091
48091
5958
96968
86238
86238
5958
94142
5958
95937
32744
54352
32744
63159
35901
59745
35901
42766
42766
47715
42766
42766
35901
60862
35901
35901
32744
32744
25290
99641
25290
25290
21049
2826
